Block at row 2, col 2 (residual r_3, variable y_3)
================================================================================

This should be: J_curr[2] = dr_3/dy_3

Block from FULL JACOBIAN:
--------------------------------------------------------------------------------
3.000000e-01  0.000000e+00  5.823433e-01  -5.823433e-01  0.000000e+00  0.000000e+00  0.000000e+00  0.000000e+00
0.000000e+00  3.000000e-01  0.000000e+00  3.834356e-01  -3.834356e-01  0.000000e+00  0.000000e+00  0.000000e+00
0.000000e+00  0.000000e+00  3.000000e-01  0.000000e+00  0.000000e+00  -5.000000e-01  0.000000e+00  0.000000e+00
0.000000e+00  0.000000e+00  0.000000e+00  3.000000e-01  0.000000e+00  0.000000e+00  -5.000000e-01  0.000000e+00
0.000000e+00  0.000000e+00  0.000000e+00  0.000000e+00  3.000000e-01  0.000000e+00  0.000000e+00  -5.000000e-01
1.000000e+00  -0.000000e+00  -1.000000e+00  -0.000000e+00  -0.000000e+00  -1.562738e+00  8.365378e-01  -0.000000e+00
-0.000000e+00  -1.000000e+00  -0.000000e+00  -0.000000e+00  -1.000000e+00  -0.000000e+00  2.638018e-01  -1.335802e+00
1.000000e+00  -1.000000e+00  0.000000e+00  0.000000e+00  0.000000e+00  -8.365378e-01  2.782340e+00  -2.638018e-01


Block from J_curr LIST:
--------------------------------------------------------------------------------
3.000000e-01  0.000000e+00  5.823433e-01  -5.823433e-01  0.000000e+00  0.000000e+00  0.000000e+00  0.000000e+00
0.000000e+00  3.000000e-01  0.000000e+00  3.834356e-01  -3.834356e-01  0.000000e+00  0.000000e+00  0.000000e+00
0.000000e+00  0.000000e+00  3.000000e-01  0.000000e+00  0.000000e+00  -5.000000e-01  0.000000e+00  0.000000e+00
0.000000e+00  0.000000e+00  0.000000e+00  3.000000e-01  0.000000e+00  0.000000e+00  -5.000000e-01  0.000000e+00
0.000000e+00  0.000000e+00  0.000000e+00  0.000000e+00  3.000000e-01  0.000000e+00  0.000000e+00  -5.000000e-01
1.000000e+00  -0.000000e+00  -1.000000e+00  -0.000000e+00  -0.000000e+00  -1.562738e+00  8.365378e-01  -0.000000e+00
-0.000000e+00  -1.000000e+00  -0.000000e+00  -0.000000e+00  -1.000000e+00  -0.000000e+00  2.638018e-01  -1.335802e+00
1.000000e+00  -1.000000e+00  0.000000e+00  0.000000e+00  0.000000e+00  -8.365378e-01  2.782340e+00  -2.638018e-01


DIFFERENCE (Full - List):
--------------------------------------------------------------------------------
2.980232e-08  0.000000e+00  0.000000e+00  0.000000e+00  0.000000e+00  0.000000e+00  0.000000e+00  0.000000e+00
0.000000e+00  2.980232e-08  0.000000e+00  0.000000e+00  0.000000e+00  0.000000e+00  0.000000e+00  0.000000e+00
0.000000e+00  0.000000e+00  2.980232e-08  0.000000e+00  0.000000e+00  0.000000e+00  0.000000e+00  0.000000e+00
0.000000e+00  0.000000e+00  0.000000e+00  2.980232e-08  0.000000e+00  0.000000e+00  0.000000e+00  0.000000e+00
0.000000e+00  0.000000e+00  0.000000e+00  0.000000e+00  2.980232e-08  0.000000e+00  0.000000e+00  0.000000e+00
0.000000e+00  0.000000e+00  0.000000e+00  0.000000e+00  0.000000e+00  0.000000e+00  0.000000e+00  0.000000e+00
0.000000e+00  0.000000e+00  0.000000e+00  0.000000e+00  0.000000e+00  0.000000e+00  0.000000e+00  0.000000e+00
0.000000e+00  0.000000e+00  0.000000e+00  0.000000e+00  0.000000e+00  0.000000e+00  0.000000e+00  0.000000e+00


Max absolute difference: 2.980232e-08
