Block at row 4, col 1 (residual r_5, variable y_2)
================================================================================

This should be: ZERO BLOCK

Block from FULL JACOBIAN:
--------------------------------------------------------------------------------
0.000000e+00  0.000000e+00  0.000000e+00  0.000000e+00  0.000000e+00  0.000000e+00  0.000000e+00  0.000000e+00
0.000000e+00  0.000000e+00  0.000000e+00  0.000000e+00  0.000000e+00  0.000000e+00  0.000000e+00  0.000000e+00
0.000000e+00  0.000000e+00  0.000000e+00  0.000000e+00  0.000000e+00  0.000000e+00  0.000000e+00  0.000000e+00
0.000000e+00  0.000000e+00  0.000000e+00  0.000000e+00  0.000000e+00  0.000000e+00  0.000000e+00  0.000000e+00
0.000000e+00  0.000000e+00  0.000000e+00  0.000000e+00  0.000000e+00  0.000000e+00  0.000000e+00  0.000000e+00
-0.000000e+00  -0.000000e+00  -0.000000e+00  -0.000000e+00  -0.000000e+00  -0.000000e+00  -0.000000e+00  -0.000000e+00
-0.000000e+00  -0.000000e+00  -0.000000e+00  -0.000000e+00  -0.000000e+00  -0.000000e+00  -0.000000e+00  -0.000000e+00
0.000000e+00  0.000000e+00  0.000000e+00  0.000000e+00  0.000000e+00  0.000000e+00  0.000000e+00  0.000000e+00


Max absolute value: 0.000000e+00
