Block at row 1, col 0 (residual r_2, variable y_1)
================================================================================

This should be: J_prev[1] = dr_2/dy_1

Block from FULL JACOBIAN:
--------------------------------------------------------------------------------
-3.000000e-01  0.000000e+00  5.823433e-01  -5.823433e-01  0.000000e+00  0.000000e+00  0.000000e+00  0.000000e+00
0.000000e+00  -3.000000e-01  0.000000e+00  3.834356e-01  -3.834356e-01  0.000000e+00  0.000000e+00  0.000000e+00
0.000000e+00  0.000000e+00  -3.000000e-01  0.000000e+00  0.000000e+00  -5.000000e-01  0.000000e+00  0.000000e+00
0.000000e+00  0.000000e+00  0.000000e+00  -3.000000e-01  0.000000e+00  0.000000e+00  -5.000000e-01  0.000000e+00
0.000000e+00  0.000000e+00  0.000000e+00  0.000000e+00  -3.000000e-01  0.000000e+00  0.000000e+00  -5.000000e-01
-0.000000e+00  -0.000000e+00  -0.000000e+00  -0.000000e+00  -0.000000e+00  -0.000000e+00  -0.000000e+00  -0.000000e+00
-0.000000e+00  -0.000000e+00  -0.000000e+00  -0.000000e+00  -0.000000e+00  -0.000000e+00  -0.000000e+00  -0.000000e+00
0.000000e+00  0.000000e+00  0.000000e+00  0.000000e+00  0.000000e+00  0.000000e+00  0.000000e+00  0.000000e+00


Block from J_prev LIST:
--------------------------------------------------------------------------------
-3.000000e-01  -0.000000e+00  5.823433e-01  -5.823433e-01  -0.000000e+00  -0.000000e+00  -0.000000e+00  -0.000000e+00
-0.000000e+00  -3.000000e-01  -0.000000e+00  3.834356e-01  -3.834356e-01  -0.000000e+00  -0.000000e+00  -0.000000e+00
-0.000000e+00  -0.000000e+00  -3.000000e-01  -0.000000e+00  -0.000000e+00  -5.000000e-01  -0.000000e+00  -0.000000e+00
-0.000000e+00  -0.000000e+00  -0.000000e+00  -3.000000e-01  -0.000000e+00  -0.000000e+00  -5.000000e-01  -0.000000e+00
-0.000000e+00  -0.000000e+00  -0.000000e+00  -0.000000e+00  -3.000000e-01  -0.000000e+00  -0.000000e+00  -5.000000e-01
0.000000e+00  0.000000e+00  0.000000e+00  0.000000e+00  0.000000e+00  0.000000e+00  0.000000e+00  0.000000e+00
0.000000e+00  0.000000e+00  0.000000e+00  0.000000e+00  0.000000e+00  0.000000e+00  0.000000e+00  0.000000e+00
0.000000e+00  0.000000e+00  0.000000e+00  0.000000e+00  0.000000e+00  0.000000e+00  0.000000e+00  0.000000e+00


DIFFERENCE (Full - List):
--------------------------------------------------------------------------------
0.000000e+00  0.000000e+00  0.000000e+00  0.000000e+00  0.000000e+00  0.000000e+00  0.000000e+00  0.000000e+00
0.000000e+00  0.000000e+00  0.000000e+00  0.000000e+00  0.000000e+00  0.000000e+00  0.000000e+00  0.000000e+00
0.000000e+00  0.000000e+00  0.000000e+00  0.000000e+00  0.000000e+00  0.000000e+00  0.000000e+00  0.000000e+00
0.000000e+00  0.000000e+00  0.000000e+00  0.000000e+00  0.000000e+00  0.000000e+00  0.000000e+00  0.000000e+00
0.000000e+00  0.000000e+00  0.000000e+00  0.000000e+00  0.000000e+00  0.000000e+00  0.000000e+00  0.000000e+00
-0.000000e+00  -0.000000e+00  -0.000000e+00  -0.000000e+00  -0.000000e+00  -0.000000e+00  -0.000000e+00  -0.000000e+00
-0.000000e+00  -0.000000e+00  -0.000000e+00  -0.000000e+00  -0.000000e+00  -0.000000e+00  -0.000000e+00  -0.000000e+00
0.000000e+00  0.000000e+00  0.000000e+00  0.000000e+00  0.000000e+00  0.000000e+00  0.000000e+00  0.000000e+00


Max absolute difference: 0.000000e+00
