Block at row 5, col 0 (residual r_6, variable y_1)
================================================================================

This should be: ZERO BLOCK

Block from FULL JACOBIAN:
--------------------------------------------------------------------------------
0.000000e+00  0.000000e+00  0.000000e+00  0.000000e+00  0.000000e+00  0.000000e+00  0.000000e+00  0.000000e+00
0.000000e+00  0.000000e+00  0.000000e+00  0.000000e+00  0.000000e+00  0.000000e+00  0.000000e+00  0.000000e+00
0.000000e+00  0.000000e+00  0.000000e+00  0.000000e+00  0.000000e+00  0.000000e+00  0.000000e+00  0.000000e+00
0.000000e+00  0.000000e+00  0.000000e+00  0.000000e+00  0.000000e+00  0.000000e+00  0.000000e+00  0.000000e+00
0.000000e+00  0.000000e+00  0.000000e+00  0.000000e+00  0.000000e+00  0.000000e+00  0.000000e+00  0.000000e+00
-0.000000e+00  -0.000000e+00  -0.000000e+00  -0.000000e+00  -0.000000e+00  -0.000000e+00  -0.000000e+00  -0.000000e+00
-0.000000e+00  -0.000000e+00  -0.000000e+00  -0.000000e+00  -0.000000e+00  -0.000000e+00  -0.000000e+00  -0.000000e+00
0.000000e+00  0.000000e+00  0.000000e+00  0.000000e+00  0.000000e+00  0.000000e+00  0.000000e+00  0.000000e+00


Max absolute value: 0.000000e+00
