Block at row 7, col 7 (residual r_8, variable y_8)
================================================================================

This should be: J_curr[7] = dr_8/dy_8

Block from FULL JACOBIAN:
--------------------------------------------------------------------------------
3.000000e-01  0.000000e+00  5.823433e-01  -5.823433e-01  0.000000e+00  0.000000e+00  0.000000e+00  0.000000e+00
0.000000e+00  3.000000e-01  0.000000e+00  3.834356e-01  -3.834356e-01  0.000000e+00  0.000000e+00  0.000000e+00
0.000000e+00  0.000000e+00  3.000000e-01  0.000000e+00  0.000000e+00  -5.000000e-01  0.000000e+00  0.000000e+00
0.000000e+00  0.000000e+00  0.000000e+00  3.000000e-01  0.000000e+00  0.000000e+00  -5.000000e-01  0.000000e+00
0.000000e+00  0.000000e+00  0.000000e+00  0.000000e+00  3.000000e-01  0.000000e+00  0.000000e+00  -5.000000e-01
1.000000e+00  -0.000000e+00  -1.000000e+00  -0.000000e+00  -0.000000e+00  -1.562738e+00  8.365378e-01  -0.000000e+00
-0.000000e+00  -1.000000e+00  -0.000000e+00  -0.000000e+00  -1.000000e+00  -0.000000e+00  2.638018e-01  -1.335802e+00
1.000000e+00  -1.000000e+00  0.000000e+00  0.000000e+00  0.000000e+00  -8.365378e-01  2.782340e+00  -2.638018e-01


Block from J_curr LIST:
--------------------------------------------------------------------------------
3.000001e-01  0.000000e+00  5.823433e-01  -5.823433e-01  0.000000e+00  0.000000e+00  0.000000e+00  0.000000e+00
0.000000e+00  3.000001e-01  0.000000e+00  3.834356e-01  -3.834356e-01  0.000000e+00  0.000000e+00  0.000000e+00
0.000000e+00  0.000000e+00  3.000001e-01  0.000000e+00  0.000000e+00  -5.000000e-01  0.000000e+00  0.000000e+00
0.000000e+00  0.000000e+00  0.000000e+00  3.000001e-01  0.000000e+00  0.000000e+00  -5.000000e-01  0.000000e+00
0.000000e+00  0.000000e+00  0.000000e+00  0.000000e+00  3.000001e-01  0.000000e+00  0.000000e+00  -5.000000e-01
1.000000e+00  -0.000000e+00  -1.000000e+00  -0.000000e+00  -0.000000e+00  -1.562738e+00  8.365378e-01  -0.000000e+00
-0.000000e+00  -1.000000e+00  -0.000000e+00  -0.000000e+00  -1.000000e+00  -0.000000e+00  2.638018e-01  -1.335802e+00
1.000000e+00  -1.000000e+00  0.000000e+00  0.000000e+00  0.000000e+00  -8.365378e-01  2.782340e+00  -2.638018e-01


DIFFERENCE (Full - List):
--------------------------------------------------------------------------------
-8.940697e-08  0.000000e+00  0.000000e+00  0.000000e+00  0.000000e+00  0.000000e+00  0.000000e+00  0.000000e+00
0.000000e+00  -8.940697e-08  0.000000e+00  0.000000e+00  0.000000e+00  0.000000e+00  0.000000e+00  0.000000e+00
0.000000e+00  0.000000e+00  -8.940697e-08  0.000000e+00  0.000000e+00  0.000000e+00  0.000000e+00  0.000000e+00
0.000000e+00  0.000000e+00  0.000000e+00  -8.940697e-08  0.000000e+00  0.000000e+00  0.000000e+00  0.000000e+00
0.000000e+00  0.000000e+00  0.000000e+00  0.000000e+00  -8.940697e-08  0.000000e+00  0.000000e+00  0.000000e+00
0.000000e+00  0.000000e+00  0.000000e+00  0.000000e+00  0.000000e+00  0.000000e+00  0.000000e+00  0.000000e+00
0.000000e+00  0.000000e+00  0.000000e+00  0.000000e+00  0.000000e+00  0.000000e+00  0.000000e+00  0.000000e+00
0.000000e+00  0.000000e+00  0.000000e+00  0.000000e+00  0.000000e+00  0.000000e+00  0.000000e+00  0.000000e+00


Max absolute difference: 8.940697e-08
