Block at row 6, col 5 (residual r_7, variable y_6)
================================================================================

This should be: J_prev[6] = dr_7/dy_6

Block from FULL JACOBIAN:
--------------------------------------------------------------------------------
-3.000000e-01  0.000000e+00  5.823433e-01  -5.823433e-01  0.000000e+00  0.000000e+00  0.000000e+00  0.000000e+00
0.000000e+00  -3.000000e-01  0.000000e+00  3.834356e-01  -3.834356e-01  0.000000e+00  0.000000e+00  0.000000e+00
0.000000e+00  0.000000e+00  -3.000000e-01  0.000000e+00  0.000000e+00  -5.000000e-01  0.000000e+00  0.000000e+00
0.000000e+00  0.000000e+00  0.000000e+00  -3.000000e-01  0.000000e+00  0.000000e+00  -5.000000e-01  0.000000e+00
0.000000e+00  0.000000e+00  0.000000e+00  0.000000e+00  -3.000000e-01  0.000000e+00  0.000000e+00  -5.000000e-01
-0.000000e+00  -0.000000e+00  -0.000000e+00  -0.000000e+00  -0.000000e+00  -0.000000e+00  -0.000000e+00  -0.000000e+00
-0.000000e+00  -0.000000e+00  -0.000000e+00  -0.000000e+00  -0.000000e+00  -0.000000e+00  -0.000000e+00  -0.000000e+00
0.000000e+00  0.000000e+00  0.000000e+00  0.000000e+00  0.000000e+00  0.000000e+00  0.000000e+00  0.000000e+00


Block from J_prev LIST:
--------------------------------------------------------------------------------
-3.000000e-01  -0.000000e+00  5.823433e-01  -5.823433e-01  -0.000000e+00  -0.000000e+00  -0.000000e+00  -0.000000e+00
-0.000000e+00  -3.000000e-01  -0.000000e+00  3.834356e-01  -3.834356e-01  -0.000000e+00  -0.000000e+00  -0.000000e+00
-0.000000e+00  -0.000000e+00  -3.000000e-01  -0.000000e+00  -0.000000e+00  -5.000000e-01  -0.000000e+00  -0.000000e+00
-0.000000e+00  -0.000000e+00  -0.000000e+00  -3.000000e-01  -0.000000e+00  -0.000000e+00  -5.000000e-01  -0.000000e+00
-0.000000e+00  -0.000000e+00  -0.000000e+00  -0.000000e+00  -3.000000e-01  -0.000000e+00  -0.000000e+00  -5.000000e-01
0.000000e+00  0.000000e+00  0.000000e+00  0.000000e+00  0.000000e+00  0.000000e+00  0.000000e+00  0.000000e+00
0.000000e+00  0.000000e+00  0.000000e+00  0.000000e+00  0.000000e+00  0.000000e+00  0.000000e+00  0.000000e+00
0.000000e+00  0.000000e+00  0.000000e+00  0.000000e+00  0.000000e+00  0.000000e+00  0.000000e+00  0.000000e+00


DIFFERENCE (Full - List):
--------------------------------------------------------------------------------
-5.960464e-08  0.000000e+00  0.000000e+00  0.000000e+00  0.000000e+00  0.000000e+00  0.000000e+00  0.000000e+00
0.000000e+00  -5.960464e-08  0.000000e+00  0.000000e+00  0.000000e+00  0.000000e+00  0.000000e+00  0.000000e+00
0.000000e+00  0.000000e+00  -5.960464e-08  0.000000e+00  0.000000e+00  0.000000e+00  0.000000e+00  0.000000e+00
0.000000e+00  0.000000e+00  0.000000e+00  -5.960464e-08  0.000000e+00  0.000000e+00  0.000000e+00  0.000000e+00
0.000000e+00  0.000000e+00  0.000000e+00  0.000000e+00  -5.960464e-08  0.000000e+00  0.000000e+00  0.000000e+00
-0.000000e+00  -0.000000e+00  -0.000000e+00  -0.000000e+00  -0.000000e+00  -0.000000e+00  -0.000000e+00  -0.000000e+00
-0.000000e+00  -0.000000e+00  -0.000000e+00  -0.000000e+00  -0.000000e+00  -0.000000e+00  -0.000000e+00  -0.000000e+00
0.000000e+00  0.000000e+00  0.000000e+00  0.000000e+00  0.000000e+00  0.000000e+00  0.000000e+00  0.000000e+00


Max absolute difference: 5.960464e-08
